0 {515, 4, 659, 4252, 4253, 292, 293, 4262, 302, 184, 4281, 4280, 443, 4282, 320, 321, 322, 587, 76, 724, 725, 220, 221, 734, 230, 752, 753, 754, 371, 248, 249, 250}
1 {479}
2 {4288, 4289, 770, 903, 4298, 788, 789, 790, 919, 760, 761, 4316, 4317, 4318}
3 {695}
4 {338, 356, 357, 358, 328, 329}
5 {623}
6 {551}
7 {407}
8 {256, 257, 266, 284, 285, 286}
9 {515, 659, 4252, 4253, 292, 293, 4262, 302, 184, 4281, 4280, 443, 4282, 320, 321, 322, 587, 76, 724, 725, 220, 221, 734, 230, 112, 752, 753, 371, 754, 248, 249, 250}
10 {40}
11 {4352, 4353, 4354, 1027, 4324, 4325, 939, 4334, 1135, 1011, 955, 1119}
12 {1315, 806, 1171, 824, 825, 826, 796, 797}
13 {148}
14 {991, 975}
15 {4675, 515, 4999, 4360, 4361, 587, 4370, 659, 4639, 4388, 4389, 4390, 4971, 4531, 371, 4982, 443}
16 {3331, 1413, 1416, 1417, 1420, 1422, 1423, 1424, 1425, 1430, 1047, 1434, 3747, 1063, 3243, 3763, 1334, 1335, 3259, 1341, 1344, 1345, 1348, 1350, 1351, 1352, 1353, 1478, 1479, 1485, 1358, 1488, 1489, 1362, 1492, 1494, 1495, 1496, 1497, 1502, 1506, 3171, 3187, 3315, 1406, 1407}
17 {903, 919, 1207}
18 {832, 833, 842, 860, 861, 862}
19 {4891, 4747, 4927, 4567}
20 {5018, 5035, 5007}
21 {695, 4711}
22 {4406, 4424, 4425, 4426, 4396, 4397}
23 {3295, 3279}
24 {1442, 1443, 1449, 1452, 1453, 1456, 1458, 1459, 1460, 1461, 1466, 1470}
25 {1538, 1542, 3343, 1334, 1341, 1344, 1345, 1348, 1350, 1352, 1353, 1358, 1362, 1363, 1406, 3199, 1413, 1416, 1417, 1420, 1422, 1424, 1425, 1430, 1434, 1435, 3775, 1478, 3271, 1485, 1488, 1489, 1492, 1494, 1496, 1497, 1502, 1506, 1507, 1514, 1515, 1521, 1524, 1525, 1528, 1530, 1531, 1532, 1533}
26 {1377, 1380, 1381, 3783, 1384, 1386, 1387, 1388, 1389, 1394, 1398, 3799, 1370, 1371}
27 {1099, 1083}
28 {3223, 3207}
29 {1799, 2059, 3727, 2063, 1943, 3351, 2203, 2207, 1699, 3367, 1703, 2087, 1843, 1919, 2231, 1847, 1727, 1987, 1991, 1871, 2131, 2135, 1627, 1631, 2015, 3423, 2275, 2279, 1771, 3583, 3439, 1775, 2159, 3567, 3711, 1655, 1915, 2303}
30 {1011, 1027, 955, 939, 1135, 1119}
31 {1315, 1243, 1171}
32 {896, 897, 898, 868, 869, 878}
33 {4963}
34 {4603}
35 {515, 4999, 587, 4971, 4783, 659, 371, 4982, 443}
36 {5043, 5054, 5071}
37 {5090, 4460, 4461, 4462, 4432, 4433, 5108, 5109, 5110, 5080, 5081, 4442}
38 {3307}
39 {1442, 1449, 1452, 1453, 1456, 1458, 1460, 1461, 1466, 1470, 1471}
40 {1538, 1542, 1543, 3343, 1334, 1341, 1344, 1345, 1348, 1350, 1352, 1353, 1358, 1362, 1363, 1406, 3199, 1413, 1416, 1417, 1420, 1422, 1424, 1425, 1430, 1434, 1435, 3775, 1478, 3271, 1485, 1488, 1489, 1492, 1494, 1496, 1497, 1502, 1506, 1507, 1514, 1521, 1524, 1525, 1528, 1530, 1532, 1533}
41 {1377, 3811, 1380, 1381, 1384, 1386, 1388, 1389, 1394, 1398, 1399, 1370}
42 {1568, 1569, 1574, 1578, 1550, 1551, 1557, 1560, 1561, 1564, 1566, 1567}
43 {3235}
44 {1799, 3595, 2059, 2063, 1943, 2203, 3739, 2207, 1699, 2087, 1703, 3379, 1843, 1919, 2231, 1847, 1727, 1987, 1991, 1871, 2131, 3451, 2135, 1627, 2015, 1631, 2275, 2279, 1771, 2159, 1775, 1655, 1915, 2303}
45 {3343, 4135, 1334, 1335, 1341, 1344, 1345, 1348, 1350, 1352, 1353, 1358, 1362, 1363, 3171, 1406, 1407, 3199, 1413, 1416, 1417, 1420, 1422, 1424, 1425, 4243, 1430, 1434, 1435, 3747, 3243, 3775, 1478, 3271, 1479, 1485, 1488, 1489, 1492, 1494, 1496, 1497, 1502, 1506, 1507, 3819, 3315, 3835}
46 {2051, 2027, 2023}
47 {1907, 1883, 1879}
48 {1739, 1763, 1735}
49 {1979, 1955, 1951}
50 {1667, 1691, 1663}
51 {2339, 2315, 2311}
52 {2123, 2099, 2095}
53 {1811, 1835, 1807}
54 {2243, 2267, 2239}
55 {2171, 2195, 2167}
56 {3403, 3387}
57 {1413, 1416, 1417, 1420, 1422, 1423, 1424, 1425, 3603, 1430, 1434, 3619, 1334, 1335, 1341, 1344, 1345, 1348, 1350, 1351, 1352, 1353, 1478, 1479, 1485, 1358, 1488, 1489, 1362, 1492, 1494, 1495, 1496, 1497, 1502, 1506, 1406, 1407}
58 {3459, 1413, 1416, 1417, 1420, 1422, 1423, 1424, 1425, 3475, 1430, 1434, 1334, 1335, 1341, 1344, 1345, 1348, 1350, 1478, 1352, 1353, 1479, 1351, 1485, 1358, 1488, 1489, 1362, 1492, 1494, 1495, 1496, 1497, 1502, 1506, 1406, 1407}
59 {1279}
60 {4891, 4819, 4747, 4927}
61 {6144, 6148, 6149, 5126, 6152, 6153, 6154, 5144, 5145, 5146, 3151, 6264, 6265, 5244, 6269, 6270, 6275, 6278, 6281, 6283, 6286, 6288, 6292, 6293, 6296, 6297, 6298, 6372, 6373, 5352, 6377, 6378, 6383, 6386, 5364, 5365, 6389, 6391, 5369, 5370, 6394, 6396, 5375, 6400, 6401, 5378, 6404, 5381, 6405, 5383, 6406, 5386, 5388, 5392, 5393, 5396, 5397, 5398, 5436, 5437, 5441, 5442, 5447, 5450, 5453, 5455, 5458, 5460, 5464, 5465, 5468, 5469, 5470, 371, 5508, 5509, 5513, 5514, 5519, 5522, 5525, 5527, 5530, 5532, 5536, 5537, 5540, 5541, 5542, 443, 5580, 5581, 5585, 5586, 5591, 5594, 5597, 5599, 5602, 5604, 5608, 5609, 5612, 5613, 5614, 515, 6660, 6661, 6665, 6666, 6671, 6674, 5652, 5653, 6677, 6679, 5657, 5658, 6682, 6684, 5663, 6688, 6689, 5666, 6692, 5669, 6693, 5671, 6694, 5674, 5676, 5680, 5681, 5684, 5685, 5686, 587, 5724, 5725, 5729, 5730, 5735, 5738, 5741, 5743, 5746, 5748, 5752, 5753, 5756, 5757, 5758, 2703, 659, 2719, 5796, 5797, 5801, 5802, 5807, 5810, 5813, 5815, 5818, 5820, 5824, 5825, 5828, 5829, 5830, 720, 721, 725, 726, 731, 6876, 6877, 734, 737, 6881, 739, 6882, 742, 6887, 744, 6890, 748, 749, 6893, 6895, 752, 753, 754, 6898, 6900, 6904, 6905, 6908, 6909, 6910, 5904, 5905, 5909, 5910, 5915, 5918, 5921, 5923, 5926, 5928, 5932, 5933, 5936, 5937, 5938, 6012, 6013, 6017, 6018, 6023, 6026, 6029, 6031, 6034, 6036, 6040, 6041, 6044, 6045, 6046, 5076, 5077, 5081, 5082, 5087, 5090, 3043, 5093, 5095, 6120, 6121, 5098, 5100, 6125, 6126, 5104, 5105, 6131, 5108, 5109, 5110, 6134, 6137, 6139, 5116, 5117, 6142}
62 {4496, 4497, 4498, 4468, 4469, 4478}
63 {1568, 1569, 1574, 1578, 1579, 1550, 1557, 1560, 1561, 1564, 1566}
64 {1413, 3847, 1416, 1417, 1420, 1422, 3343, 1424, 1425, 4243, 1430, 1434, 1435, 3747, 4135, 1407, 3243, 1334, 1335, 1341, 3775, 1344, 1345, 1348, 1350, 1478, 1352, 1353, 3271, 1479, 1485, 1358, 1488, 1489, 1362, 1363, 1492, 1494, 1496, 1497, 1502, 1506, 3171, 1507, 3315, 1406, 3199}
65 {1600, 1602, 1603, 1604, 1605, 1610, 1614, 1586, 1587, 1593, 1596, 1597}
66 {3415}
67 {1413, 1416, 1417, 1420, 1422, 1424, 1425, 1430, 1434, 1435, 3631, 1334, 1341, 1344, 1345, 1348, 1350, 1478, 1352, 1353, 1485, 1358, 1488, 1489, 1362, 1363, 1492, 1494, 1496, 1497, 1502, 1506, 1507, 1406}
68 {1413, 1416, 1417, 1420, 1422, 1424, 1425, 1430, 1434, 1435, 3487, 1334, 1341, 1344, 1345, 1348, 1350, 1478, 1352, 1353, 1485, 1358, 1488, 1489, 1362, 1363, 1492, 1494, 1496, 1497, 1502, 1506, 1507, 1406}
69 {3307, 3279}
70 {1442, 1443, 1449, 1452, 1453, 1456, 1458, 1460, 1461, 1466, 1470, 1471}
71 {1538, 1542, 1543, 3343, 1334, 1341, 1344, 1345, 1348, 1350, 1352, 1353, 1358, 1362, 1363, 1406, 3199, 1413, 1416, 1417, 1420, 1422, 1424, 1425, 1430, 1434, 1435, 3775, 1478, 3271, 1485, 1488, 1489, 1492, 1494, 1496, 1497, 1502, 1506, 1507, 1514, 1515, 1521, 1524, 1525, 1528, 1530, 1532, 1533}
72 {3871, 3855}
73 {1377, 3811, 1380, 1381, 3783, 1384, 1386, 1388, 1389, 1394, 1398, 1399, 1370, 1371}
74 {4099, 3955, 4171}
75 {3235, 3207}
76 {1799, 3595, 2059, 2063, 1943, 3351, 2203, 3739, 2207, 1699, 2087, 1703, 3379, 1843, 1919, 2231, 1847, 1727, 1987, 1991, 1871, 2131, 3451, 2135, 1627, 2015, 1631, 3423, 2275, 2279, 1771, 2159, 1775, 3567, 3711, 1655, 1915, 2303}
77 {1377, 1380, 1381, 1384, 1386, 1387, 1388, 1389, 1394, 1398, 1370, 1371}
78 {1799, 2059, 2063, 3727, 1943, 2203, 2207, 1699, 1703, 2087, 1843, 3639, 1847, 1919, 2231, 1727, 1987, 1991, 3655, 1871, 2131, 2135, 1627, 3423, 1631, 2015, 2275, 2279, 1771, 3583, 1775, 3567, 2159, 3711, 3439, 1655, 1915, 2303}
79 {1799, 2059, 2063, 3727, 1943, 2203, 2207, 1699, 3495, 1703, 2087, 1843, 1919, 2231, 1847, 3511, 1727, 1987, 1991, 1871, 2131, 2135, 1627, 3423, 1631, 2015, 2275, 2279, 1771, 3583, 1775, 3567, 2159, 3711, 3439, 1655, 1915, 2303}
80 {4855}
81 {5568, 5572, 5573, 5544, 5545, 5576, 5577, 5578, 5549, 5550, 5555, 5558, 5561, 5563, 5566}
82 {770, 773, 903, 775, 778, 780, 784, 785, 788, 789, 790, 919, 756, 757, 761, 762, 767}
83 {5432, 5411, 5414, 5433, 5417, 5419, 5422, 5424, 5428, 5429, 5400, 5401, 5434, 5405, 5406}
84 {6720, 6724, 6725, 6696, 6697, 6728, 6729, 6730, 6701, 6702, 6707, 6710, 6713, 6715, 6718}
85 {6144, 5123, 6148, 6149, 5126, 6152, 6153, 6154, 5129, 5131, 5134, 5136, 5140, 5141, 5144, 5145, 5146, 3151, 6264, 6265, 5244, 6269, 6270, 5113, 6275, 6278, 6281, 6283, 6286, 6288, 6292, 6293, 5118, 6296, 6297, 6298, 6372, 6373, 5352, 6377, 6378, 6383, 6386, 5364, 5365, 6389, 6391, 5369, 5370, 6394, 6396, 5375, 6400, 6401, 5378, 6404, 5381, 6405, 5383, 6406, 5386, 5388, 5392, 5393, 5396, 5397, 5398, 5436, 5437, 5441, 5442, 5447, 5450, 5453, 5455, 5458, 5460, 5464, 5465, 5468, 5469, 5470, 371, 5508, 5509, 5513, 5514, 5519, 5522, 5525, 5527, 5530, 5532, 5536, 5537, 5540, 5541, 5542, 443, 5580, 5581, 5585, 5586, 5591, 5594, 5597, 5599, 5602, 5604, 5608, 5609, 5612, 5613, 5614, 515, 6660, 6661, 6665, 6666, 6671, 6674, 5652, 5653, 6677, 6679, 5657, 5658, 6682, 6684, 5663, 6688, 6689, 5666, 6692, 5669, 6693, 5671, 6694, 5674, 5676, 5680, 5681, 5684, 5685, 5686, 587, 5724, 5725, 5729, 5730, 5735, 5738, 5741, 5743, 5746, 5748, 5752, 5753, 5756, 5757, 5758, 2703, 659, 2719, 5796, 5797, 5801, 5802, 5807, 5810, 5813, 5815, 5818, 5820, 5824, 5825, 5828, 5829, 5830, 720, 721, 725, 726, 731, 6876, 6877, 734, 737, 6881, 739, 6882, 742, 6887, 744, 6890, 748, 749, 6893, 6895, 752, 753, 754, 6898, 6900, 6904, 6905, 6908, 6909, 6910, 5904, 5905, 5909, 5910, 5915, 5918, 5921, 5923, 5926, 5928, 5932, 5933, 5936, 5937, 5938, 6012, 6013, 6017, 6018, 6023, 6026, 6029, 6031, 6034, 6036, 6040, 6041, 6044, 6045, 6046, 5076, 5077, 5081, 5082, 5087, 5090, 3043, 5093, 5095, 6120, 6121, 5098, 5100, 6125, 6126, 5104, 5105, 6131, 5108, 5109, 5110, 6134, 5112, 6137, 6139, 5117, 6142}
86 {3331, 6156, 6157, 6161, 6162, 6167, 6170, 6173, 6175, 6178, 6180, 6184, 6185, 6188, 6189, 6190, 1334, 1341, 1344, 1345, 1348, 1350, 1351, 1352, 1353, 1358, 1362, 3187, 1406, 1413, 1416, 1417, 1420, 1422, 1423, 1424, 1425, 1430, 1434, 6300, 6301, 6305, 6306, 6311, 6314, 6317, 6319, 6322, 3763, 6324, 6328, 6329, 3259, 6332, 6333, 6334, 1478, 1485, 1488, 1489, 1492, 1494, 1495, 1496, 1497, 1502, 1506}
87 {5472, 5473, 5504, 5505, 5506, 5477, 5478, 5483, 5486, 5489, 5491, 5494, 5496, 5500, 5501}
88 {6912, 6913, 6944, 6945, 6946, 6917, 6918, 6923, 6926, 6929, 6931, 6934, 6936, 6940, 6941}
89 {5760, 5761, 5792, 5793, 5794, 5765, 5766, 5771, 5774, 5777, 5779, 5782, 5784, 5788, 5789}
90 {6144, 515, 6148, 6149, 6660, 6661, 6152, 6153, 6154, 6665, 6666, 6671, 6674, 5652, 5653, 6677, 6679, 5657, 5658, 6682, 6684, 5663, 6688, 6689, 5666, 6692, 5669, 6693, 5671, 6694, 5674, 5676, 5680, 5681, 5684, 5685, 5686, 587, 3151, 5724, 5725, 5729, 5730, 5735, 5738, 5741, 5743, 5746, 5748, 6264, 6265, 5752, 5753, 5244, 6269, 6270, 5756, 5757, 5758, 6275, 6278, 6281, 6283, 6286, 2703, 6288, 659, 6292, 6293, 6296, 6297, 6298, 6137, 2719, 5280, 5796, 5797, 5801, 5802, 5807, 5810, 5813, 5815, 5818, 5820, 5824, 5825, 5828, 5829, 5830, 753, 720, 721, 754, 725, 726, 731, 6876, 6877, 734, 737, 6881, 739, 6372, 6373, 6882, 742, 5352, 6377, 6378, 6887, 744, 6890, 748, 6383, 749, 6893, 6386, 6895, 5364, 5365, 6389, 6391, 752, 5369, 5370, 6394, 6396, 6900, 6904, 5375, 6400, 6401, 5378, 6908, 6404, 5381, 6405, 5383, 6406, 5386, 5388, 5392, 5393, 5904, 5905, 5396, 5397, 5398, 5909, 5910, 5915, 5918, 5921, 5923, 5926, 5928, 5932, 5933, 5936, 5937, 5938, 5436, 5437, 5441, 5442, 5447, 5450, 5453, 5455, 5458, 5460, 5464, 5465, 5468, 5469, 5470, 371, 6012, 6013, 6017, 6018, 5508, 5509, 6023, 5513, 5514, 6026, 6029, 5519, 6031, 5522, 6898, 6034, 5525, 6036, 5527, 6040, 6041, 5530, 5532, 6044, 6045, 6046, 5536, 5537, 5540, 5541, 5542, 6905, 443, 6909, 5580, 5581, 6910, 5585, 5586, 5076, 5077, 5591, 5081, 5594, 5082, 5597, 5599, 5087, 5602, 5090, 5604, 3043, 5093, 5095, 5608, 5609, 6120, 6121, 5612, 5613, 5614, 5098, 5100, 6125, 6126, 5104, 5105, 6131, 5108, 5109, 5110, 6134, 6139, 6142}
91 {6432, 6436, 6437, 6408, 6409, 6440, 6441, 6442, 6413, 6414, 6419, 6422, 6425, 6427, 6430}
92 {2563, 2755, 2567, 2375, 2635, 2639, 2447, 2519, 2591, 2663, 2347, 2351, 2739, 2419, 2423, 2491, 2495}
93 {5856, 5860, 5861, 5832, 5833, 5864, 5865, 5866, 5837, 5838, 5843, 5846, 5849, 5851, 5854}
94 {5633, 5635, 5638, 5640, 5644, 5645, 5616, 5617, 5648, 5649, 5650, 5621, 5622, 5627, 5630}
95 {5699, 5702, 5705, 5707, 5720, 5710, 5712, 5721, 5716, 5717, 5688, 5689, 5722, 5693, 5694}
96 {6048, 6049, 6080, 6081, 6082, 6053, 6054, 6059, 6062, 6065, 6067, 6070, 6072, 6076, 6077}
97 {3007, 2863, 3079}
98 {5954, 5957, 5959, 5962, 5964, 5968, 5969, 5940, 5941, 5972, 5973, 5974, 5945, 5946, 5951}
99 {5152, 5153, 5162, 5180, 5181, 5182}
100 {1600, 1602, 1604, 1605, 1610, 1614, 1615, 1586, 1593, 1596, 1597}
101 {3883}
102 {1377, 1380, 1381, 1384, 1386, 1388, 1389, 1394, 1398, 1399, 1370}
103 {1799, 3595, 2059, 2063, 1943, 2203, 3739, 2207, 1699, 2087, 1703, 1843, 1919, 2231, 1847, 1727, 1987, 1991, 1871, 3667, 2131, 3451, 2135, 1627, 2015, 1631, 2275, 2279, 1771, 2159, 1775, 1655, 1915, 2303}
104 {1799, 3595, 2059, 2063, 1943, 2203, 3739, 2207, 1699, 2087, 1703, 1843, 1919, 2231, 1847, 1727, 3523, 1987, 1991, 1871, 2131, 3451, 2135, 1627, 2015, 1631, 2275, 2279, 1771, 2159, 1775, 1655, 1915, 2303}
105 {1568, 1569, 1574, 1578, 1579, 1550, 1551, 1557, 1560, 1561, 1564, 1566}
106 {3891, 3907}
107 {3847, 3343, 4135, 1334, 1335, 1341, 1344, 1345, 1348, 1350, 1352, 1353, 1358, 1362, 1363, 3171, 1406, 1407, 3199, 1413, 1416, 1417, 1420, 1422, 1424, 1425, 4243, 1430, 1434, 1435, 3747, 3243, 3775, 1478, 3271, 1479, 1485, 1488, 1489, 1492, 1494, 1496, 1497, 1502, 1506, 1507, 3819, 3315}
108 {4207}
109 {1413, 1416, 1417, 1420, 1422, 3343, 1424, 1425, 1430, 3991, 1434, 1435, 3747, 3243, 1334, 1335, 1341, 3775, 1344, 1345, 1348, 1350, 1478, 1352, 1353, 3271, 1479, 1485, 1358, 1488, 1489, 1362, 1363, 1492, 1494, 1496, 1497, 1502, 3199, 1506, 3171, 1507, 3315, 1406, 1407}
110 {3387, 3415}
111 {1413, 1416, 1417, 1420, 1422, 1424, 1425, 3603, 1430, 1434, 1435, 3631, 1334, 1335, 1341, 1344, 1345, 1348, 1350, 1478, 1352, 1353, 1479, 1485, 1358, 1488, 1489, 1362, 1363, 1492, 1494, 1496, 1497, 1502, 1506, 1507, 1406, 1407}
112 {3459, 1413, 1416, 1417, 1420, 1422, 1424, 1425, 1430, 1434, 1435, 3487, 1334, 1335, 1341, 1344, 1345, 1348, 1350, 1478, 1352, 1353, 1479, 1485, 1358, 1488, 1489, 1362, 1363, 1492, 1494, 1496, 1497, 1502, 1506, 1507, 1406, 1407}
113 {3691, 3675}
114 {3531, 3547}
115 {1171, 792, 793, 797, 798, 1315, 803, 806, 809, 811, 814, 816, 820, 821, 824, 825, 826}
116 {3343, 1334, 1341, 1344, 1345, 1348, 1350, 1352, 1353, 6732, 6733, 1358, 6737, 1362, 1363, 6738, 6743, 6746, 6749, 6751, 6754, 6756, 6760, 6761, 6764, 6765, 6766, 1406, 3199, 1413, 1416, 1417, 1420, 1422, 1424, 1425, 1430, 1434, 1435, 3775, 1478, 3271, 1485, 1488, 1489, 1492, 1494, 1496, 1497, 1502, 1506, 1507}
117 {5153, 5154, 5159, 5162, 5165, 5148, 5167, 5170, 5149, 5172, 5176, 5177, 5180, 5181, 5182}
118 {3295}
119 {1442, 1449, 1452, 1453, 1456, 1458, 1459, 1460, 1461, 1466, 1470}
120 {1538, 1542, 3343, 1334, 1341, 1344, 1345, 1348, 1350, 1352, 1353, 1358, 1362, 1363, 1406, 3199, 1413, 1416, 1417, 1420, 1422, 1424, 1425, 1430, 1434, 1435, 3775, 1478, 3271, 1485, 1488, 1489, 1492, 1494, 1496, 1497, 1502, 1506, 1507, 1514, 1521, 1524, 1525, 1528, 1530, 1531, 1532, 1533}
121 {1377, 1380, 1381, 1384, 1386, 1387, 1388, 1389, 1394, 1398, 3799, 1370}
122 {6209, 6211, 6214, 6216, 6220, 6221, 6192, 6193, 6224, 6225, 6226, 6197, 6198, 6203, 6206}
123 {6336, 6337, 6368, 6369, 6370, 6341, 6342, 6347, 6350, 6353, 6355, 6358, 6360, 6364, 6365}
124 {3223}
125 {1799, 2059, 3727, 2063, 1943, 2203, 2207, 1699, 3367, 1703, 2087, 1843, 1919, 2231, 1847, 1727, 1987, 1991, 1871, 2131, 2135, 1627, 1631, 2015, 2275, 2279, 1771, 3583, 3439, 1775, 2159, 1655, 1915, 2303}
126 {6976, 6977, 515, 6980, 6981, 6982, 587, 659, 727, 731, 6948, 6949, 6953, 6954, 6959, 6962, 371, 755, 6965, 6967, 6970, 443, 6972}
127 {5316}
128 {3343, 6444, 6445, 6449, 6450, 1334, 6455, 6458, 1341, 6461, 6463, 1344, 1345, 6466, 6468, 1348, 1350, 1352, 1353, 6472, 6473, 6476, 6477, 1358, 6478, 1362, 1363, 1406, 3199, 1413, 1416, 1417, 1420, 1422, 1424, 1425, 1430, 1434, 1435, 3775, 1478, 3271, 1485, 1488, 1489, 1492, 1494, 1496, 1497, 1502, 1506, 1507}
129 {2627, 2603, 2599}
130 {3331, 1413, 1416, 1417, 1420, 1422, 1423, 1424, 1425, 1430, 1434, 3747, 3243, 3763, 1334, 1335, 3259, 1341, 1344, 1345, 1348, 1350, 1351, 1352, 1353, 1478, 1479, 1485, 1358, 1488, 1489, 1362, 1492, 1494, 1495, 1496, 1497, 2775, 1502, 1506, 3171, 2791, 3187, 3315, 1406, 1407}
131 {2555, 2531, 2527}
132 {2675, 2699, 2671}
133 {2387, 2411, 2383}
134 {2483, 2459, 2455}
135 {5890, 5892, 5896, 5897, 5900, 5901, 5868, 5869, 5902, 5873, 5874, 5879, 5882, 5885, 5887}
136 {6112, 6113, 6116, 6117, 6084, 6085, 6118, 6089, 6090, 6095, 6098, 6101, 6103, 6106, 6108}
137 {3115}
138 {2719, 2899, 2703}
139 {6009, 5987, 5990, 5993, 5995, 5998, 6000, 6004, 6005, 6008, 5976, 5977, 6010, 5981, 5982}
140 {5216, 5217, 5218, 5188, 5189, 5198}
141 {3919}
142 {3703}
143 {3559}
144 {1600, 1602, 1604, 1605, 1610, 1614, 1615, 1586, 1587, 1593, 1596, 1597}
145 {3883, 3855}
146 {4099, 3955, 4027}
147 {1377, 1380, 1381, 1384, 1386, 1388, 1389, 1394, 1398, 1399, 1370, 1371}
148 {1799, 2059, 3595, 2063, 1943, 2203, 3739, 2207, 1699, 1703, 2087, 1843, 3639, 1847, 1919, 2231, 1727, 1987, 1991, 1871, 2131, 3667, 3451, 2135, 1627, 3423, 1631, 2015, 2275, 2279, 1771, 1775, 3567, 2159, 3711, 1655, 1915, 2303}
149 {1799, 2059, 3595, 2063, 1943, 2203, 3739, 2207, 1699, 3495, 1703, 2087, 1843, 1919, 2231, 1847, 1727, 1987, 3523, 1991, 1871, 2131, 3451, 2135, 1627, 3423, 1631, 2015, 2275, 2279, 1771, 1775, 3567, 2159, 3711, 1655, 1915, 2303}
150 {833, 834, 839, 860, 842, 861, 845, 847, 850, 852, 856, 857, 828, 829, 862}
151 {6785, 6787, 6790, 6792, 6796, 6797, 6768, 6769, 6800, 6801, 6802, 6773, 6774, 6779, 6782}
152 {5184, 5185, 5216, 5217, 5218, 5189, 5190, 5195, 5198, 5201, 5203, 5206, 5208, 5212, 5213}
153 {1568, 1569, 1574, 1578, 1550, 1557, 1560, 1561, 1564, 1566, 1567}
154 {1413, 1416, 1417, 1420, 1422, 3343, 1424, 1425, 4243, 1430, 1434, 1435, 3747, 4135, 1407, 3243, 1334, 1335, 1341, 3775, 1344, 1345, 1348, 1350, 1478, 1352, 1353, 3271, 1479, 1485, 1358, 1488, 1489, 1362, 1363, 1492, 1494, 1496, 1497, 1502, 1506, 3171, 1507, 3315, 3835, 1406, 3199}
155 {6242, 6245, 6247, 6250, 6252, 6256, 6257, 6228, 6229, 6260, 6261, 6262, 6233, 6234, 6239}
156 {3403}
157 {1413, 1416, 1417, 1420, 1422, 1423, 1424, 1425, 1430, 1434, 3619, 1334, 1341, 1344, 1345, 1348, 1350, 1351, 1352, 1353, 1478, 1485, 1358, 1488, 1489, 1362, 1492, 1494, 1495, 1496, 1497, 1502, 1506, 1406}
158 {1413, 1416, 1417, 1420, 1422, 1423, 1424, 1425, 3475, 1430, 1434, 1334, 1341, 1344, 1345, 1348, 1350, 1351, 1352, 1353, 1478, 1485, 1358, 1488, 1489, 1362, 1492, 1494, 1495, 1496, 1497, 1502, 1506, 1406}
159 {903, 919, 763, 791, 767}
160 {3331, 1334, 1341, 1344, 1345, 1348, 1350, 1351, 1352, 1353, 6984, 6985, 6989, 1358, 6990, 1362, 6995, 6998, 7001, 7003, 7006, 7008, 7012, 7013, 7016, 7017, 7018, 3187, 1406, 1413, 1416, 1417, 1420, 1422, 1423, 1424, 1425, 1430, 1434, 3763, 3259, 1478, 1485, 1488, 1489, 1492, 1494, 1495, 1496, 1497, 1502, 1506}
161 {6497, 6499, 6502, 6504, 6508, 6509, 6480, 6481, 6512, 6513, 6514, 6485, 6486, 6491, 6494}
162 {2827, 2811}
163 {3007, 2863, 2935}
164 {3891, 3919}
165 {4063}
166 {3675, 3703}
167 {3531, 3559}
168 {896, 897, 864, 865, 898, 869, 870, 875, 878, 881, 883, 886, 888, 892, 893}
169 {6144, 515, 6148, 6149, 6660, 6661, 6152, 6153, 6154, 6665, 6666, 6671, 6674, 5652, 6677, 5653, 6679, 5657, 6682, 5658, 6684, 5663, 6688, 6689, 5666, 6692, 5669, 6693, 5671, 6694, 5674, 5676, 5680, 5681, 5684, 5685, 5686, 587, 3151, 5724, 5725, 5729, 5730, 5735, 5738, 5741, 5743, 5746, 5748, 5752, 5753, 6264, 6265, 5756, 5757, 5758, 6269, 6270, 6275, 6278, 6281, 6283, 6286, 2703, 6288, 659, 6292, 6293, 6804, 6805, 6296, 6297, 6298, 6809, 6810, 2719, 6815, 6818, 5796, 6821, 5797, 6823, 5801, 6826, 5802, 6828, 5807, 6832, 6833, 5810, 6836, 5813, 6837, 5815, 6838, 5818, 5820, 5824, 5825, 5828, 5829, 5830, 720, 721, 725, 726, 731, 6876, 6877, 734, 737, 6881, 739, 6372, 6373, 742, 6882, 744, 6377, 6378, 6887, 748, 6893, 749, 6895, 752, 753, 6898, 754, 6900, 6389, 5364, 6391, 6904, 6905, 6394, 5365, 6396, 6908, 6909, 6910, 6400, 6401, 5369, 5370, 6404, 5381, 6405, 5383, 6406, 5378, 5386, 5388, 5392, 5393, 5904, 5905, 5396, 5397, 5398, 5909, 5910, 5915, 5918, 5921, 5923, 5926, 5928, 5932, 5933, 5936, 5937, 5938, 5436, 5437, 5441, 5442, 5447, 5450, 5453, 5455, 5458, 5460, 5464, 5465, 5468, 5469, 5470, 6890, 371, 6383, 6012, 6013, 6017, 6018, 6386, 5508, 5509, 6023, 5513, 5514, 6026, 6029, 6031, 5519, 6034, 5522, 6036, 5525, 5527, 6040, 6041, 5530, 5532, 6044, 6045, 6046, 5536, 5537, 5375, 5540, 5541, 5542, 443, 5580, 5581, 5585, 5586, 5076, 5077, 5591, 5081, 5082, 5594, 5597, 5599, 5087, 5602, 3043, 5604, 5093, 5090, 5095, 6120, 5608, 5098, 5609, 5100, 6121, 5612, 5613, 5104, 5105, 5614, 6125, 5108, 5109, 5110, 6126, 6131, 6137, 6134, 6139, 6142}
170 {1600, 1602, 1603, 1604, 1605, 1610, 1614, 1586, 1593, 1596, 1597}
171 {3871}
172 {1377, 1380, 1381, 1384, 1386, 1387, 1388, 1389, 1394, 1398, 1370}
173 {1799, 2059, 3727, 2063, 1943, 2203, 2207, 1699, 1703, 2087, 1843, 1919, 2231, 1847, 1727, 1987, 3655, 1991, 1871, 2131, 2135, 1627, 1631, 2015, 2275, 2279, 1771, 3583, 3439, 1775, 2159, 1655, 1915, 2303}
174 {1799, 2059, 3727, 2063, 1943, 2203, 2207, 1699, 1703, 2087, 1843, 3511, 1847, 1919, 2231, 1727, 1987, 1991, 1871, 2131, 2135, 1627, 1631, 2015, 2275, 2279, 1771, 3583, 3439, 1775, 2159, 1655, 1915, 2303}
175 {1315, 1171, 803, 827, 799}
176 {7042, 7044, 7048, 7049, 7020, 7021, 7052, 7053, 7054, 7025, 7026, 7031, 7034, 7037, 7039}
177 {6272, 6530, 515, 6020, 6533, 6535, 6538, 5516, 6668, 6540, 2703, 6544, 6545, 659, 6548, 6549, 6550, 5912, 5660, 2719, 5804, 443, 5444, 587, 3151, 5588, 728, 5084, 3043, 5732, 6884, 6380, 6128, 371, 6516, 6517, 6521, 6522, 5372, 6527}
178 {2971}
179 {6851, 6854, 6857, 6859, 6862, 6872, 6864, 6868, 6869, 6873, 6840, 6841, 6874, 6845, 6846}
180 {3907}
181 {3691}
182 {3547}
183 {835, 863, 839}
184 {7073, 7075, 7078, 7080, 2731, 7084, 7085, 7056, 7057, 7088, 7089, 7090, 7061, 7062, 7067, 7070}
185 {5552}
186 {919, 764, 903}
187 {5408}
188 {6704}
189 {5120, 6144, 515, 6148, 6149, 6660, 6661, 6152, 6153, 6154, 6665, 6666, 6671, 6674, 5652, 5653, 6677, 6679, 5657, 5658, 6682, 6684, 5663, 6688, 6689, 5666, 6692, 5669, 6693, 5671, 6694, 5674, 5676, 5680, 5681, 5684, 5685, 5686, 587, 3151, 5724, 5725, 5729, 5730, 5735, 5738, 5741, 5743, 5746, 5748, 6264, 6265, 5752, 5753, 5244, 6269, 6270, 5756, 5757, 5758, 6275, 6278, 6281, 6283, 6286, 2703, 6288, 659, 6292, 6293, 6296, 6297, 6298, 6137, 2719, 5796, 5797, 5801, 5802, 5807, 5810, 5813, 5815, 5818, 5820, 5824, 5825, 5828, 5829, 5830, 753, 720, 721, 754, 725, 726, 731, 6876, 6877, 734, 737, 6881, 739, 6372, 6373, 6882, 742, 5352, 6377, 6378, 6887, 744, 6890, 748, 6383, 749, 6893, 6386, 6895, 5364, 5365, 6389, 6391, 752, 5369, 5370, 6394, 6396, 6900, 6904, 5375, 6400, 6401, 5378, 6908, 6404, 5381, 6405, 5383, 6406, 5386, 5388, 5392, 5393, 5904, 5905, 5396, 5397, 5398, 5909, 5910, 5915, 5918, 5921, 5923, 5926, 5928, 5932, 5933, 5936, 5937, 5938, 5436, 5437, 5441, 5442, 5447, 5450, 5453, 5455, 5458, 5460, 5464, 5465, 5468, 5469, 5470, 371, 6012, 6013, 6017, 6018, 5508, 5509, 6023, 5513, 5514, 6026, 6029, 5519, 6031, 5522, 6898, 6034, 5525, 6036, 5527, 6040, 6041, 5530, 5532, 6044, 6045, 6046, 5536, 5537, 5540, 5541, 5542, 6905, 443, 6909, 5580, 5581, 6910, 5585, 5586, 5076, 5077, 5591, 5081, 5594, 5082, 5597, 5599, 5087, 5602, 5090, 5604, 3043, 5093, 5095, 5608, 5609, 6120, 6121, 5612, 5613, 5614, 5098, 5100, 6125, 6126, 5104, 5105, 6131, 5108, 5109, 5110, 6134, 6139, 6142}
190 {3331, 1413, 1416, 1417, 1420, 1422, 1423, 1424, 1425, 6164, 1430, 1434, 6308, 3763, 1334, 3259, 1341, 1344, 1345, 1348, 1350, 1351, 1352, 1353, 1478, 1485, 1358, 1488, 1489, 1362, 1492, 1494, 1495, 1496, 1497, 1502, 1506, 3187, 1406}
191 {5480}
192 {6920}
193 {5768}
194 {6563, 6552, 6566, 6569, 6553, 6571, 6574, 6576, 6580, 6581, 6584, 6585, 6586, 6557, 6558}
195 {6416}
196 {5840}
197 {5624}
198 {5696}
199 {6056}
200 {5948}
201 {875, 899, 871}
202 {2563, 2567, 2375, 2635, 2767, 2639, 2447, 2519, 2591, 2663, 2347, 2351, 2419, 2423, 2491, 2495}
203 {7106, 7109, 7111, 7114, 7116, 7120, 7121, 7092, 7093, 7124, 7125, 7126, 7097, 7098, 7103}
204 {800, 1315, 1171}
205 {1413, 1416, 1417, 1420, 1422, 3343, 1424, 1425, 1430, 1434, 1435, 1334, 1341, 3775, 1344, 1345, 1348, 1350, 1478, 1352, 1353, 3271, 1485, 1358, 1488, 1489, 1362, 1363, 6740, 1492, 1494, 1496, 1497, 1502, 1506, 1507, 1406, 3199}
206 {5156}
207 {6200}
208 {6344}
209 {515, 587, 6956, 659, 371, 755, 727, 443, 731}
210 {6144, 515, 6660, 6661, 6148, 6149, 6152, 6153, 6154, 6665, 6666, 6671, 6674, 5652, 6677, 5653, 6679, 5657, 6682, 5658, 6684, 5663, 6688, 6689, 5666, 6692, 5669, 6693, 5671, 6694, 5674, 5676, 5680, 5681, 5684, 5685, 5686, 587, 3151, 5724, 5725, 5729, 6125, 5730, 6126, 5735, 5738, 5741, 5743, 5746, 5748, 6264, 6265, 5752, 5753, 5756, 5757, 5758, 6269, 6270, 6275, 6278, 6281, 6283, 6286, 2703, 6288, 659, 6292, 6293, 6296, 6297, 6298, 2719, 5796, 5797, 5801, 5802, 5807, 5810, 5813, 5815, 5818, 5820, 5824, 5825, 5828, 5829, 5830, 753, 720, 721, 754, 725, 726, 731, 6876, 6877, 734, 737, 6881, 739, 6372, 6373, 742, 6887, 744, 6377, 6890, 6882, 748, 6893, 749, 6383, 6895, 752, 6386, 6898, 5364, 6389, 5365, 6391, 6900, 6904, 6394, 6905, 6396, 6908, 6909, 5375, 6400, 6401, 5378, 6910, 6404, 5381, 6405, 5383, 6406, 5386, 5388, 5904, 5905, 5392, 5393, 5396, 5397, 5398, 5909, 5910, 5915, 5918, 5921, 5923, 5926, 5928, 5932, 5933, 5936, 5937, 5938, 5436, 5437, 5441, 5442, 5447, 5450, 5453, 5455, 5458, 5460, 5464, 5465, 6378, 5468, 5469, 5470, 5082, 371, 6012, 6013, 6017, 6018, 5508, 5509, 5369, 6023, 5513, 6026, 5514, 5370, 6029, 5519, 6031, 5522, 6034, 6036, 5525, 5527, 6040, 6041, 5530, 5532, 6044, 6045, 6046, 5536, 5537, 5540, 5541, 5542, 443, 6588, 6589, 6593, 6594, 6599, 6602, 5580, 6605, 5581, 6607, 5585, 6610, 5586, 5076, 5077, 6612, 5591, 6616, 6617, 5594, 5081, 6620, 5597, 6621, 5599, 5087, 6622, 5602, 5090, 3043, 5093, 5604, 5095, 6120, 6121, 5098, 5608, 5100, 5609, 5612, 5613, 5104, 5105, 5614, 6131, 5108, 5109, 6134, 5110, 6137, 6139, 6142}
211 {1413, 1416, 1417, 1420, 1422, 3343, 1424, 1425, 1430, 1434, 1435, 6452, 1334, 1341, 3775, 1344, 1345, 1348, 1350, 1478, 1352, 1353, 3271, 1485, 1358, 1488, 1489, 1362, 1363, 1492, 1494, 1496, 1497, 1502, 1506, 1507, 1406, 3199}
212 {5876}
213 {6092}
214 {5984}
215 {1413, 1416, 1417, 1420, 1422, 3343, 1424, 1425, 1430, 1434, 1435, 1334, 1341, 3775, 1344, 1345, 1348, 1350, 3271, 1352, 1353, 1478, 1485, 1358, 1488, 1489, 1362, 1363, 1492, 1494, 1496, 1497, 1502, 1506, 1507, 2803, 1406, 3199}
216 {6144, 515, 6148, 6149, 6660, 6661, 6152, 6153, 6154, 6665, 6666, 6671, 6674, 5652, 6677, 5653, 6679, 5657, 6682, 5658, 6684, 5663, 6688, 6689, 5666, 6692, 5669, 6693, 5671, 6694, 5674, 5676, 5680, 5681, 5684, 5685, 5686, 6120, 587, 6121, 3151, 7139, 5613, 5614, 5724, 5725, 5729, 6125, 5730, 6126, 5735, 5738, 5741, 5743, 5746, 5748, 5752, 5753, 6264, 6265, 5756, 5757, 5758, 6269, 6270, 6131, 6275, 6278, 6281, 6283, 6286, 2703, 6288, 659, 6292, 6293, 6296, 6297, 6298, 2719, 5796, 5797, 5801, 5802, 5807, 5810, 5813, 5815, 5818, 5820, 7161, 5824, 5825, 7162, 5828, 5829, 5830, 720, 721, 754, 725, 726, 731, 6876, 6877, 734, 737, 6881, 739, 6372, 6373, 742, 6882, 744, 6377, 6890, 6378, 748, 749, 6893, 6895, 752, 753, 6386, 6898, 6900, 6389, 5364, 6391, 6904, 6905, 6394, 5365, 6396, 6908, 6909, 6910, 6400, 6401, 5378, 5370, 6404, 5381, 6405, 5383, 6406, 5386, 5388, 5392, 5393, 5904, 5905, 5396, 5397, 5398, 5909, 5910, 5915, 5918, 5921, 5923, 5926, 5928, 5932, 5933, 5936, 5937, 5938, 5436, 5437, 5441, 5442, 5447, 5450, 5453, 5455, 5458, 5460, 5464, 5465, 6887, 5468, 5469, 5470, 371, 6383, 6012, 6013, 6017, 6018, 5508, 5509, 5369, 6023, 5513, 6026, 5514, 6029, 6031, 5519, 5522, 6034, 6036, 5525, 5527, 6040, 6041, 5530, 5532, 6044, 6045, 6046, 5536, 5537, 5375, 5540, 5541, 5542, 443, 5580, 5581, 5585, 5586, 5076, 5077, 5591, 7128, 7129, 5594, 5081, 5082, 5597, 7133, 5599, 7134, 5087, 5090, 3043, 5604, 5093, 7142, 5095, 5608, 5609, 5602, 7145, 7147, 5098, 7150, 5100, 5104, 5105, 7152, 5612, 7156, 7157, 6134, 5108, 7160, 6137, 5109, 6139, 5110, 6142}
217 {836}
218 {6776}
219 {5192}
220 {6236}
221 {3331, 1413, 1416, 1417, 1420, 1422, 1423, 1424, 1425, 1430, 1434, 3763, 1334, 3259, 1341, 1344, 1345, 1348, 1350, 1351, 1352, 1353, 1478, 1485, 1358, 6992, 1488, 1362, 1489, 1492, 1494, 1495, 1496, 1497, 1502, 1506, 3187, 1406}
222 {6624, 6625, 6656, 6657, 6658, 6629, 6630, 6635, 6638, 6641, 6643, 6646, 6648, 6652, 6653}
223 {6488}
224 {2839}
225 {7169, 7170, 7175, 7178, 7181, 7196, 7183, 7197, 7186, 7188, 7192, 7193, 7164, 7165, 7198}
226 {872}
227 {6272, 515, 5444, 6020, 587, 5516, 6668, 3151, 2703, 659, 5588, 728, 5912, 6812, 5084, 5660, 2719, 3043, 5732, 6884, 5804, 6380, 6128, 371, 443, 5372}
228 {7028}
229 {6272, 515, 5444, 6020, 587, 5516, 6668, 3151, 2703, 659, 5372, 5588, 728, 5912, 5084, 5660, 2719, 3043, 5732, 6884, 5804, 6380, 6128, 371, 443, 6524}
230 {6848}
231 {7064, 2731}
232 {6560}
233 {7100}
234 {6272, 515, 6596, 5444, 6020, 587, 5516, 6668, 3151, 2703, 659, 5588, 728, 5912, 5084, 5660, 2719, 3043, 5732, 6884, 5804, 6380, 6128, 371, 443, 5372}
235 {6272, 515, 5444, 6020, 587, 5516, 6668, 3151, 2703, 659, 5588, 728, 5912, 5084, 5660, 2719, 7136, 3043, 5732, 6884, 5804, 6380, 6128, 371, 443, 5372}
236 {6632}
237 {7172}
